LMH
4
[0, 50],    0.040014, 1.191774
[50, 75],  -0.278294, 0.822774
[75, 125], -0.519667, 0.521419
[125, 156],-0.153789, 0.678980
9
[0, 32],    0.126127, 1.122278
[32, 96],  -0.233632, 0.892061
[96, 160], -0.437218, 0.556830
[160, 192],-0.187375, 0.781149
[192, 256], 0.031192, 0.629410
[256, 288],-0.031252, 0.939919
[288, 352],-0.218616, 0.689289
[352, 416],-0.077507, 0.890247
[416, 438], 0.047133, 1.021408 
4
[0, 35],    0.001088, 1.101567
[35, 70],  -0.485387, 0.761889
[70, 105], -0.114210, 0.739908
[105, 647], 0.020692, 0.751678